#prueba
3+2





c<-3

c
